0.001,0
0.003,0
0.005,0
0.007,0
0.010,0
0.012,0
0.014,0
0.016,0
0.019,0
0.021,0
0.023,0
0.026,0
0.028,0
0.030,0
0.032,0
0.035,0
0.037,0
0.039,0
0.041,0
0.044,0
0.046,0
0.048,0
0.051,0
0.053,0
0.055,0
0.057,0
0.060,0
0.062,0
0.064,0
0.066,0
0.069,0
0.071,0
0.073,0
0.076,0
0.078,0
0.080,0
0.082,0
0.085,0
0.087,0
0.089,0
0.091,0
0.094,0
0.096,0
0.098,0
0.101,0
0.103,0
0.105,0
0.107,0
0.110,0
0.112,0
0.114,0
0.116,0
0.119,0
0.121,0
0.123,0
0.126,0
0.128,0
0.130,0
0.132,0
0.135,0
0.137,0
0.139,0
0.141,0
0.144,0
0.146,0
0.148,0
0.151,0
0.153,0
0.155,0
0.157,0
0.160,0
0.162,0
0.164,0
0.166,0
0.169,0
0.171,0
0.173,0
0.176,0
0.178,0
0.180,0
0.182,0
0.185,0
0.187,0
0.189,0
0.191,0
0.194,0
0.196,0
0.198,0
0.201,0
0.203,0
0.205,0
0.207,0
0.210,0
0.212,0
0.214,0
0.216,0
0.219,0
0.221,0
0.223,0
0.226,0
0.228,0
0.230,0
0.232,0
0.235,0
0.237,0
0.239,0
0.241,0
0.244,0
0.246,0
0.248,0
0.251,0
0.253,0
0.255,0
0.257,0
0.260,0
0.262,0
0.264,0
0.266,0
0.269,0
0.271,0
0.273,0
0.276,0
0.278,0
0.280,0
0.282,0
0.285,0
0.287,0
0.289,0
0.291,0
0.294,0
0.296,0
0.298,0
0.301,0
0.303,0
0.305,0
0.307,0
0.310,0
0.312,0
0.314,0
0.316,0
0.319,0
0.321,0
0.323,0
0.326,0
0.328,0
0.330,0
0.332,0
0.335,0
0.337,0
0.339,0
0.341,0
0.344,0
0.346,0
0.348,0
0.351,0
0.353,0
0.355,0
0.357,0
0.360,0
0.362,0
0.364,0
0.366,0
0.369,0
0.371,0
0.373,0
0.376,0
0.378,0
0.380,0
0.382,0
0.385,0
0.387,0
0.389,0
0.391,0
0.394,0
0.396,0
0.398,0
0.500,0
0.503,0
0.505,0
0.507,0
0.510,0
0.512,0
0.514,0
0.516,0
0.519,0
0.521,0
0.523,0
0.525,0
0.528,0
0.530,0
0.532,0
0.535,0
0.537,0
0.539,0
0.541,0
0.544,0
0.546,0
0.548,0
0.550,0
0.553,0
0.555,0
0.557,0
0.560,0
0.562,0
0.564,0
0.566,0
0.569,0
0.571,0
0.573,0
0.575,0
0.578,0
0.580,0
0.582,0
0.585,0
0.587,0
0.589,0
0.591,0
0.594,0
0.596,0
0.598,0
0.600,0
0.603,0
0.605,0
0.607,0
0.610,0
0.612,0
0.614,0
0.616,0
0.619,0
0.621,0
0.623,0
0.625,0
0.628,0
0.630,0
0.632,0
0.635,0
0.637,0
0.639,0
0.641,0
0.644,0
0.646,0
0.648,0
0.650,0
0.653,0
0.655,0
0.657,0
0.660,0
0.662,0
0.664,0
0.666,0
0.669,0
0.671,0
0.673,0
0.675,0
0.678,0
0.680,0
0.682,0
0.685,0
0.687,0
0.689,0
0.691,0
0.694,0
0.696,0
0.698,0
0.700,0
0.703,0
0.705,0
0.707,0
0.710,0
0.712,0
0.714,0
0.716,0
0.719,0
0.721,0
0.723,0
0.725,0
0.728,0
0.730,0
0.732,0
0.735,0
0.737,0
0.739,0
0.741,0
0.744,0
0.746,0
0.748,0
0.750,0
0.753,0
0.755,0
0.757,0
0.760,0
0.762,0
0.764,0
0.766,0
0.769,0
0.771,0
0.773,0
0.775,0
0.778,0
0.780,0
0.782,0
0.785,0
0.787,0
0.789,0
0.791,0
0.794,0
0.796,0
0.798,0
0.800,0
0.803,0
0.805,0
0.807,0
0.810,0
0.812,0
0.814,0
0.816,0
0.819,0
0.821,0
0.823,0
0.825,0
0.828,0
0.830,0
0.832,0
0.835,0
0.837,0
0.839,0
0.841,0
0.844,0
0.846,0
0.848,0
0.850,0
0.853,0
0.855,0
0.857,0
0.860,0
0.862,0
0.864,0
0.866,0
0.869,0
0.871,0
0.873,0
0.875,0
0.878,0
0.880,0
0.882,0
0.885,0
0.887,0
0.889,0
0.891,0
0.894,0
0.896,0
0.898,0
1.000,0
1.002,0
1.004,0
1.006,0
1.008,0
1.010,0
1.012,0
1.014,0
1.016,0
1.019,0
1.021,0
1.023,0
1.025,0
1.027,0
1.029,0
1.031,0
1.033,0
1.035,0
1.037,0
1.039,0
1.041,0
1.043,0
1.045,0
1.047,0
1.049,0
1.051,0
1.053,0
1.055,0
1.057,0
1.059,0
1.061,0
1.063,0
1.065,0
1.067,0
1.069,0
1.071,0
1.073,0
1.075,0
1.077,0
1.079,0
1.081,0
1.083,0
1.085,0
1.087,0
1.089,0
1.091,0
1.093,0
1.095,0
1.097,0
1.099,0
1.101,0
1.104,0
1.106,0
1.108,0
1.110,0
1.112,0
1.114,0
1.116,0
1.118,0
1.120,0
1.122,0
1.124,0
1.126,0
1.128,0
1.130,0
1.132,0
1.134,0
1.136,0
1.138,0
1.140,0
1.142,0
1.144,0
1.146,0
1.148,0
1.150,0
1.152,0
1.154,0
1.156,0
1.158,0
1.160,0
1.162,0
1.164,0
1.166,0
1.168,0
1.170,0
1.172,0
1.174,0
1.176,0
1.178,0
1.180,0
1.182,0
1.184,0
1.187,0
1.189,0
1.191,0
1.193,0
1.195,0
1.197,0
1.199,0
1.201,0
1.203,0
1.205,0
1.207,0
1.209,0
1.211,0
1.213,0
1.215,0
1.217,0
1.219,0
1.221,0
1.223,0
1.225,0
1.227,0
1.229,0
1.231,0
1.233,0
1.235,0
1.237,0
1.239,0
1.241,0
1.243,0
1.245,0
1.247,0
1.249,0
1.251,0
1.253,0
1.257,0
1.259,0
1.261,0
1.263,0
1.265,0
1.267,0
1.270,0
1.272,0
1.274,0
1.276,0
1.278,0
1.280,0
1.282,0
1.284,0
1.286,0
1.288,0
1.290,0
1.292,0
1.294,0
1.296,0
1.298,0
1.300,0
1.302,0
1.304,0
1.306,0
1.308,0
1.310,0
1.312,0
1.314,0
1.316,0
1.318,0
1.320,0
1.322,0
1.324,0
1.326,0
1.328,0
1.330,0
1.332,0
1.334,0
1.336,0
1.338,0
1.340,0
1.342,0
1.344,0
1.346,0
1.348,0
1.350,0
1.353,0
1.355,0
1.357,0
1.359,0
1.361,0
1.363,0
1.365,0
1.367,0
1.369,0
1.371,0
1.373,0
1.377,0
1.379,0
1.381,0
1.383,0
1.385,0
1.387,0
1.389,0
1.391,0
1.393,0
1.395,0
1.397,0
1.399,0
1.500,0
1.502,0
1.504,0
1.506,0
1.508,0
1.510,0
1.512,0
1.514,0
1.515,0
1.517,0
1.519,0
1.521,0
1.523,0
1.525,0
1.527,0
1.529,0
1.531,0
1.533,0
1.535,0
1.536,0
1.538,0
1.540,0
1.542,0
1.544,0
1.546,0
1.548,0
1.550,0
1.552,0
1.554,0
1.556,0
1.558,0
1.559,0
1.561,0
1.563,0
1.565,0
1.567,0
1.569,0
1.571,0
1.573,0
1.575,0
1.577,0
1.579,0
1.580,0
1.582,0
1.584,0
1.586,0
1.588,0
1.590,0
1.592,0
1.594,0
1.596,0
1.598,0
1.600,0
1.601,0
1.603,0
1.605,0
1.607,0
1.609,0
1.611,0
1.613,0
1.615,0
1.617,0
1.619,0
1.621,0
1.623,0
1.624,0
1.626,0
1.628,0
1.630,0
1.632,0
1.634,0
1.636,0
1.638,0
1.640,0
1.642,0
1.644,0
1.645,0
1.647,0
1.649,0
1.651,0
1.653,0
1.655,0
1.657,0
1.659,0
1.661,0
1.663,0
1.665,0
1.666,0
1.668,0
1.670,0
1.672,0
1.674,0
1.676,0
1.678,0
1.680,0
1.682,0
1.684,0
1.686,0
1.688,0
1.689,0
1.691,0
1.693,0
1.695,0
1.697,0
1.699,0
1.701,0
1.703,0
1.705,0
1.707,0
1.709,0
1.710,0
1.712,0
1.714,0
1.716,0
1.718,0
1.720,0
1.722,0
1.724,0
1.726,0
1.728,0
1.730,0
1.731,0
1.733,0
1.735,0
1.737,0
1.739,0
1.741,0
1.743,0
1.745,0
1.747,0
1.749,0
1.751,0
1.753,0
1.754,0
1.756,0
1.758,0
1.760,0
1.762,0
1.764,0
1.766,0
1.768,0
1.770,0
1.772,0
1.774,0
1.775,0
1.777,0
1.779,0
1.781,0
1.783,0
1.785,0
1.787,0
1.789,0
1.791,0
1.793,0
1.795,0
1.797,0
1.798,0
1.800,0
1.802,0
1.804,0
1.806,0
1.808,0
1.810,0
1.812,0
1.814,0
1.816,0
1.818,0
1.819,0
1.821,0
1.823,0
1.825,0
1.827,0
1.829,0
1.831,0
1.833,0
1.835,0
1.837,0
1.839,0
1.840,0
1.842,0
1.844,0
1.846,0
1.848,0
1.850,0
1.852,0
1.854,0
1.856,0
1.858,0
1.860,0
1.862,0
1.863,0
1.865,0
1.867,0
1.869,0
1.871,0
1.873,0
1.875,0
1.877,0
1.879,0
1.881,0
1.883,0
1.884,0
1.886,0
1.888,0
1.890,0
1.892,0
1.894,0
1.896,0
1.898,0
1.900,0
2.000,0
2.002,0
2.004,0
2.006,0
2.008,0
2.010,0
2.011,0
2.013,0
2.015,0
2.017,0
2.019,0
2.021,0
2.023,0
2.025,0
2.027,0
2.029,0
2.031,0
2.033,0
2.034,0
2.036,0
2.038,0
2.040,0
2.042,0
2.044,0
2.046,0
2.048,0
2.050,0
2.052,0
2.054,0
2.055,0
2.057,0
2.059,0
2.061,0
2.063,0
2.065,0
2.067,0
2.069,0
2.071,0
2.073,0
2.075,0
2.077,0
2.078,0
2.080,0
2.082,0
2.084,0
2.086,0
2.088,0
2.090,0
2.092,0
2.094,0
2.096,0
2.098,0
2.099,0
2.101,0
2.103,0
2.105,0
2.107,0
2.109,0
2.111,0
2.113,0
2.115,0
2.117,0
2.119,0
2.120,0
2.122,0
2.124,0
2.126,0
2.128,0
2.130,0
2.132,0
2.134,0
2.136,0
2.138,0
2.140,0
2.142,0
2.143,0
2.145,0
2.147,0
2.149,0
2.151,0
2.153,0
2.155,0
2.157,0
2.159,0
2.161,0
2.163,0
2.164,0
2.166,0
2.168,0
2.170,0
2.172,0
2.174,0
2.176,0
2.178,0
2.180,0
2.182,0
2.184,0
2.185,0
2.187,0
2.189,0
2.191,0
2.193,0
2.195,0
2.197,0
2.199,0
2.201,0
2.203,0
2.205,0
2.207,0
2.208,0
2.210,0
2.212,0
2.214,0
2.216,0
2.218,0
2.220,0
2.222,0
2.224,0
2.226,0
2.228,0
2.229,0
2.231,0
2.233,0
2.235,0
2.237,0
2.239,0
2.241,0
2.243,0
2.245,0
2.247,0
2.249,0
2.251,0
2.252,0
2.254,0
2.256,0
2.258,0
2.260,0
2.262,0
2.264,0
2.266,0
2.268,0
2.270,0
2.272,0
2.273,0
2.275,0
2.277,0
2.279,0
2.281,0
2.283,0
2.285,0
2.287,0
2.289,0
2.291,0
2.293,0
2.294,0
2.296,0
2.298,0
2.300,0
2.302,0
2.304,0
2.306,0
2.308,0
2.310,0
2.312,0
2.314,0
2.316,0
2.317,0
2.319,0
2.321,0
2.323,0
2.325,0
2.327,0
2.329,0
2.331,0
2.333,0
2.335,0
2.337,0
2.338,0
2.340,0
2.342,0
2.344,0
2.346,0
2.348,0
2.350,0
2.352,0
2.354,0
2.356,0
2.358,0
2.359,0
2.361,0
2.363,0
2.365,0
2.367,0
2.369,0
2.371,0
2.373,0
2.375,0
2.377,0
2.379,0
2.381,0
2.382,0
2.384,0
2.386,0
2.388,0
2.390,0
2.392,0
2.394,0
2.396,0
2.398,0
2.400,0
2.500,0
2.502,0
2.504,0
2.506,0
2.508,0
2.510,0
2.512,0
2.514,0
2.516,0
2.518,0
2.520,0
2.522,0
2.524,0
2.526,0
2.528,0
2.530,0
2.532,0
2.534,0
2.536,0
2.538,0
2.540,0
2.542,0
2.544,0
2.547,0
2.549,0
2.551,0
2.553,0
2.555,0
2.557,0
2.559,0
2.561,0
2.563,0
2.565,0
2.567,0
2.569,0
2.571,0
2.573,0
2.575,0
2.577,0
2.579,0
2.581,0
2.583,0
2.585,0
2.587,0
2.589,0
2.591,0
2.593,0
2.595,0
2.597,0
2.599,0
2.601,0
2.603,0
2.605,0
2.607,0
2.609,0
2.611,0
2.613,0
2.615,0
2.617,0
2.619,0
2.621,0
2.623,0
2.625,0
2.627,0
2.630,0
2.632,0
2.634,0
2.636,0
2.638,0
2.640,0
2.642,0
2.644,0
2.646,0
2.648,0
2.650,0
2.652,0
2.654,0
2.656,0
2.658,0
2.660,0
2.662,0
2.664,0
2.666,0
2.668,0
2.670,0
2.672,0
2.674,0
2.676,0
2.678,0
2.680,0
2.682,0
2.684,0
2.686,0
2.688,0
2.690,0
2.692,0
2.694,0
2.696,0
2.698,0
2.700,0
2.702,0
2.704,0
2.706,0
2.708,0
2.710,0
2.712,0
2.715,0
2.717,0
2.719,0
2.721,0
2.723,0
2.725,0
2.727,0
2.729,0
2.731,0
2.733,0
2.735,0
2.737,0
2.739,0
2.741,0
2.743,0
2.745,0
2.747,0
2.749,0
2.751,0
2.753,0
2.757,0
2.759,0
2.761,0
2.763,0
2.765,0
2.767,0
2.769,0
2.771,0
2.773,0
2.775,0
2.777,0
2.779,0
2.781,0
2.783,0
2.785,0
2.787,0
2.789,0
2.791,0
2.793,0
2.795,0
2.798,0
2.800,0
2.802,0
2.804,0
2.806,0
2.808,0
2.810,0
2.812,0
2.814,0
2.816,0
2.818,0
2.820,0
2.822,0
2.824,0
2.826,0
2.828,0
2.830,0
2.832,0
2.834,0
2.836,0
2.838,0
2.840,0
2.842,0
2.844,0
2.846,0
2.848,0
2.850,0
2.852,0
2.854,0
2.856,0
2.858,0
2.860,0
2.862,0
2.864,0
2.866,0
2.868,0
2.870,0
2.872,0
2.876,0
2.878,0
2.881,0
2.883,0
2.885,0
2.887,0
2.889,0
2.891,0
2.893,0
2.895,0
2.897,0
2.899,0
3.000,0
3.002,0
3.004,0
3.007,0
3.009,0
3.011,0
3.014,0
3.016,0
3.018,0
3.020,0
3.023,0
3.025,0
3.027,0
3.029,0
3.032,0
3.034,0
3.036,0
3.039,0
3.041,0
3.043,0
3.045,0
3.048,0
3.050,0
3.052,0
3.054,0
3.057,0
3.059,0
3.061,0
3.064,0
3.066,0
3.068,0
3.070,0
3.073,0
3.075,0
3.077,0
3.079,0
3.082,0
3.084,0
3.086,0
3.089,0
3.091,0
3.093,0
3.095,0
3.098,0
3.100,0
3.102,0
3.104,0
3.107,0
3.109,0
3.111,0
3.114,0
3.116,0
3.118,0
3.120,0
3.123,0
3.125,0
3.127,0
3.129,0
3.132,0
3.134,0
3.136,0
3.139,0
3.141,0
3.143,0
3.145,0
3.148,0
3.150,0
3.152,0
3.154,0
3.157,0
3.159,0
3.161,0
3.164,0
3.166,0
3.168,0
3.170,0
3.173,0
3.175,0
3.177,0
3.179,0
3.182,0
3.184,0
3.186,0
3.189,0
3.191,0
3.193,0
3.195,0
3.198,0
3.200,0
3.202,0
3.204,0
3.207,0
3.209,0
3.211,0
3.214,0
3.216,0
3.218,0
3.220,0
3.223,0
3.225,0
3.227,0
3.229,0
3.232,0
3.234,0
3.236,0
3.239,0
3.241,0
3.243,0
3.245,0
3.248,0
3.250,0
3.252,0
3.254,0
3.257,0
3.259,0
3.261,0
3.264,0
3.266,0
3.268,0
3.270,0
3.273,0
3.275,0
3.277,0
3.279,0
3.282,0
3.284,0
3.286,0
3.289,0
3.291,0
3.293,0
3.295,0
3.298,0
3.300,0
3.302,0
3.304,0
3.307,0
3.309,0
3.311,0
3.314,0
3.316,0
3.318,0
3.320,0
3.323,0
3.325,0
3.327,0
3.329,0
3.332,0
3.334,0
3.336,0
3.339,0
3.341,0
3.343,0
3.345,0
3.348,0
3.350,0
3.352,0
3.354,0
3.357,0
3.359,0
3.361,0
3.364,0
3.366,0
3.368,0
3.370,0
3.373,0
3.375,0
3.377,0
3.379,0
3.382,0
3.384,0
3.386,0
3.389,0
3.391,0
3.393,0
3.395,0
3.398,0
3.500,0
3.502,0
3.505,0
3.508,0
3.510,0
3.513,0
3.515,0
3.518,0
3.520,0
3.523,0
3.525,0
3.528,0
3.530,0
3.533,0
3.536,0
3.538,0
3.541,0
3.543,0
3.546,0
3.548,0
3.551,0
3.553,0
3.556,0
3.559,0
3.561,0
3.564,0
3.566,0
3.569,0
3.571,0
3.574,0
3.576,0
3.579,0
3.581,0
3.584,0
3.587,0
3.589,0
3.592,0
3.594,0
3.597,0
3.599,0
3.602,0
3.604,0
3.607,0
3.610,0
3.612,0
3.615,0
3.617,0
3.620,0
3.622,0
3.625,0
3.627,0
3.630,0
3.632,0
3.635,0
3.638,0
3.640,0
3.643,0
3.645,0
3.648,0
3.650,0
3.653,0
3.655,0
3.658,0
3.661,0
3.663,0
3.666,0
3.668,0
3.671,0
3.673,0
3.676,0
3.678,0
3.681,0
3.684,0
3.686,0
3.689,0
3.691,0
3.694,0
3.696,0
3.699,0
3.701,0
3.704,0
3.706,0
3.709,0
3.712,0
3.714,0
3.717,0
3.719,0
3.722,0
3.724,0
3.727,0
3.729,0
3.732,0
3.735,0
3.737,0
3.740,0
3.742,0
3.745,0
3.747,0
3.750,0
3.752,0
3.755,0
3.758,0
3.760,0
3.763,0
3.765,0
3.768,0
3.770,0
3.773,0
3.775,0
3.778,0
3.780,0
3.783,0
3.786,0
3.788,0
3.791,0
3.793,0
3.796,0
3.798,0
3.801,0
3.803,0
3.806,0
3.809,0
3.811,0
3.814,0
3.816,0
3.819,0
3.821,0
3.824,0
3.826,0
3.829,0
3.831,0
3.834,0
3.837,0
3.839,0
3.842,0
3.844,0
3.847,0
3.849,0
3.852,0
3.854,0
3.857,0
3.860,0
3.862,0
3.865,0
3.867,0
3.870,0
3.872,0
3.875,0
3.877,0
3.880,0
3.883,0
3.885,0
3.888,0
3.890,0
3.893,0
3.895,0
3.898,0
4.000,0
4.003,0
4.006,0
4.008,0
4.011,0
4.014,0
4.017,0
4.020,0
4.023,0
4.026,0
4.028,0
4.031,0
4.034,0
4.037,0
4.040,0
4.043,0
4.046,0
4.049,0
4.051,0
4.054,0
4.057,0
4.060,0
4.063,0
4.066,0
4.069,0
4.071,0
4.074,0
4.077,0
4.080,0
4.083,0
4.086,0
4.089,0
4.092,0
4.097,0
4.100,0
4.103,0
4.106,0
4.109,0
4.112,0
4.114,0
4.117,0
4.120,0
4.123,0
4.126,0
4.129,0
4.132,0
4.134,0
4.137,0
4.140,0
4.143,0
4.146,0
4.149,0
4.152,0
4.155,0
4.157,0
4.160,0
4.163,0
4.166,0
4.169,0
4.172,0
4.175,0
4.177,0
4.180,0
4.183,0
4.186,0
4.189,0
4.192,0
4.195,0
4.200,0
4.203,0
4.206,0
4.209,0
4.212,0
4.215,0
4.218,0
4.220,0
4.223,0
4.226,0
4.229,0
4.232,0
4.235,0
4.238,0
4.241,0
4.243,0
4.246,0
4.249,0
4.252,0
4.255,0
4.258,0
4.261,0
4.263,0
4.266,0
4.269,0
4.272,0
4.275,0
4.278,0
4.281,0
4.283,0
4.286,0
4.289,0
4.292,0
4.295,0
4.298,0
4.304,0
4.306,0
4.309,0
4.312,0
4.315,0
4.318,0
4.321,0
4.324,0
4.326,0
4.329,0
4.332,0
4.335,0
4.338,0
4.341,0
4.344,0
4.347,0
4.349,0
4.352,0
4.355,0
4.358,0
4.361,0
4.364,0
4.367,0
4.369,0
4.372,0
4.375,0
4.378,0
4.381,0
4.384,0
4.387,0
4.390,0
4.392,0
4.395,0
4.398,0
4.500,0
4.503,0
4.505,0
4.508,0
4.511,0
4.514,0
4.517,0
4.520,0
4.523,0
4.525,0
4.528,0
4.531,0
4.534,0
4.537,0
4.540,0
4.543,0
4.546,0
4.548,0
4.551,0
4.554,0
4.557,0
4.560,0
4.563,0
4.566,0
4.568,0
4.571,0
4.574,0
4.577,0
4.580,0
4.583,0
4.586,0
4.589,0
4.591,0
4.597,0
4.600,0
4.603,0
4.606,0
4.609,0
4.611,0
4.614,0
4.617,0
4.620,0
4.623,0
4.626,0
4.629,0
4.632,0
4.634,0
4.637,0
4.640,0
4.643,0
4.646,0
4.649,0
4.652,0
4.654,0
4.657,0
4.660,0
4.663,0
4.666,0
4.669,0
4.672,0
4.674,0
4.677,0
4.680,0
4.683,0
4.686,0
4.689,0
4.692,0
4.695,0
4.700,0
4.703,0
4.706,0
4.709,0
4.712,0
4.715,0
4.717,0
4.720,0
4.723,0
4.726,0
4.729,0
4.732,0
4.735,0
4.738,0
4.740,0
4.743,0
4.746,0
4.749,0
4.752,0
4.755,0
4.758,0
4.760,0
4.763,0
4.766,0
4.769,0
4.772,0
4.775,0
4.778,0
4.781,0
4.783,0
4.786,0
4.789,0
4.792,0
4.795,0
4.798,0
4.803,0
4.806,0
4.809,0
4.812,0
4.815,0
4.818,0
4.821,0
4.823,0
4.826,0
4.829,0
4.832,0
4.835,0
4.838,0
4.841,0
4.844,0
4.846,0
4.849,0
4.852,0
4.855,0
4.858,0
4.861,0
4.864,0
4.866,0
4.869,0
4.872,0
4.875,0
4.878,0
4.881,0
4.884,0
4.887,0
4.889,0
4.892,0
4.895,0
4.898,0
5.000,0
5.002,0
5.005,0
5.007,0
5.010,0
5.012,0
5.015,0
5.017,0
5.020,0
5.022,0
5.025,0
5.028,0
5.030,0
5.033,0
5.035,0
5.038,0
5.040,0
5.043,0
5.045,0
5.048,0
5.051,0
5.053,0
5.056,0
5.058,0
5.061,0
5.063,0
5.066,0
5.068,0
5.071,0
5.073,0
5.076,0
5.079,0
5.081,0
5.084,0
5.086,0
5.089,0
5.091,0
5.094,0
5.096,0
5.099,0
5.102,0
5.104,0
5.107,0
5.109,0
5.112,0
5.114,0
5.117,0
5.119,0
5.122,0
5.125,0
5.127,0
5.130,0
5.132,0
5.135,0
5.137,0
5.140,0
5.142,0
5.145,0
5.147,0
5.150,0
5.153,0
5.155,0
5.158,0
5.160,0
5.163,0
5.165,0
5.168,0
5.170,0
5.173,0
5.176,0
5.178,0
5.181,0
5.183,0
5.186,0
5.188,0
5.191,0
5.193,0
5.196,0
5.198,0
5.201,0
5.204,0
5.206,0
5.209,0
5.211,0
5.214,0
5.216,0
5.219,0
5.221,0
5.224,0
5.227,0
5.229,0
5.232,0
5.234,0
5.237,0
5.239,0
5.242,0
5.244,0
5.247,0
5.250,0
5.252,0
5.255,0
5.257,0
5.260,0
5.262,0
5.265,0
5.267,0
5.270,0
5.272,0
5.275,0
5.278,0
5.280,0
5.283,0
5.285,0
5.288,0
5.290,0
5.293,0
5.295,0
5.298,0
5.301,0
5.303,0
5.306,0
5.308,0
5.311,0
5.313,0
5.316,0
5.318,0
5.321,0
5.324,0
5.326,0
5.329,0
5.331,0
5.334,0
5.336,0
5.339,0
5.341,0
5.344,0
5.346,0
5.349,0
5.352,0
5.354,0
5.357,0
5.359,0
5.362,0
5.364,0
5.367,0
5.369,0
5.372,0
5.375,0
5.377,0
5.380,0
5.382,0
5.385,0
5.387,0
5.390,0
5.392,0
5.395,0
5.397,0
5.499,0
5.502,0
5.504,0
5.506,0
5.508,0
5.511,0
5.513,0
5.515,0
5.518,0
5.520,0
5.522,0
5.524,0
5.527,0
5.529,0
5.531,0
5.533,0
5.536,0
5.538,0
5.540,0
5.543,0
5.545,0
5.547,0
5.549,0
5.552,0
5.554,0
5.556,0
5.558,0
5.561,0
5.563,0
5.565,0
5.568,0
5.570,0
5.572,0
5.574,0
5.577,0
5.579,0
5.581,0
5.583,0
5.586,0
5.588,0
5.590,0
5.593,0
5.595,0
5.597,0
5.599,0
5.602,0
5.604,0
5.606,0
5.608,0
5.611,0
5.613,0
5.615,0
5.618,0
5.620,0
5.622,0
5.624,0
5.627,0
5.629,0
5.631,0
5.633,0
5.636,0
5.638,0
5.640,0
5.643,0
5.645,0
5.647,0
5.649,0
5.652,0
5.654,0
5.656,0
5.658,0
5.661,0
5.663,0
5.665,0
5.668,0
5.670,0
5.672,0
5.674,0
5.677,0
5.679,0
5.681,0
5.683,0
5.686,0
5.688,0
5.690,0
5.693,0
5.695,0
5.697,0
5.699,0
5.702,0
5.704,0
5.706,0
5.708,0
5.711,0
5.713,0
5.715,0
5.718,0
5.720,0
5.722,0
5.724,0
5.727,0
5.729,0
5.731,0
5.733,0
5.736,0
5.738,0
5.740,0
5.743,0
5.745,0
5.747,0
5.749,0
5.752,0
5.754,0
5.756,0
5.758,0
5.761,0
5.763,0
5.765,0
5.768,0
5.770,0
5.772,0
5.774,0
5.777,0
5.779,0
5.781,0
5.783,0
5.786,0
5.788,0
5.790,0
5.793,0
5.795,0
5.797,0
5.799,0
5.802,0
5.804,0
5.806,0
5.808,0
5.811,0
5.813,0
5.815,0
5.818,0
5.820,0
5.822,0
5.824,0
5.827,0
5.829,0
5.831,0
5.833,0
5.836,0
5.838,0
5.840,0
5.843,0
5.845,0
5.847,0
5.849,0
5.852,0
5.854,0
5.856,0
5.858,0
5.861,0
5.863,0
5.865,0
5.868,0
5.870,0
5.872,0
5.874,0
5.877,0
5.879,0
5.881,0
5.883,0
5.886,0
5.888,0
5.890,0
5.893,0
5.895,0
5.897,0
5.999,0
6.001,0
6.004,0
6.006,0
6.008,0
6.011,0
6.013,0
6.015,0
6.017,0
6.020,0
6.022,0
6.024,0
6.026,0
6.029,0
6.031,0
6.033,0
6.036,0
6.038,0
6.040,0
6.042,0
6.045,0
6.047,0
6.049,0
6.051,0
6.054,0
6.056,0
6.058,0
6.061,0
6.063,0
6.065,0
6.067,0
6.070,0
6.072,0
6.074,0
6.076,0
6.079,0
6.081,0
6.083,0
6.086,0
6.088,0
6.090,0
6.092,0
6.095,0
6.097,0
6.099,0
6.101,0
6.104,0
6.106,0
6.108,0
6.111,0
6.113,0
6.115,0
6.117,0
6.120,0
6.122,0
6.124,0
6.126,0
6.129,0
6.131,0
6.133,0
6.136,0
6.138,0
6.140,0
6.142,0
6.145,0
6.147,0
6.149,0
6.151,0
6.154,0
6.156,0
6.158,0
6.161,0
6.163,0
6.165,0
6.167,0
6.170,0
6.172,0
6.174,0
6.176,0
6.179,0
6.181,0
6.183,0
6.186,0
6.188,0
6.190,0
6.192,0
6.195,0
6.197,0
6.199,0
6.201,0
6.204,0
6.206,0
6.208,0
6.211,0
6.213,0
6.215,0
6.217,0
6.220,0
6.222,0
6.224,0
6.226,0
6.229,0
6.231,0
6.233,0
6.236,0
6.238,0
6.240,0
6.242,0
6.245,0
6.247,0
6.249,0
6.251,0
6.254,0
6.256,0
6.258,0
6.261,0
6.263,0
6.265,0
6.267,0
6.270,0
6.272,0
6.274,0
6.276,0
6.279,0
6.281,0
6.283,0
6.286,0
6.288,0
6.290,0
6.292,0
6.295,0
6.297,0
6.299,0
6.301,0
6.304,0
6.306,0
6.308,0
6.311,0
6.313,0
6.315,0
6.317,0
6.320,0
6.322,0
6.324,0
6.326,0
6.329,0
6.331,0
6.333,0
6.336,0
6.338,0
6.340,0
6.342,0
6.345,0
6.347,0
6.349,0
6.351,0
6.354,0
6.356,0
6.358,0
6.361,0
6.363,0
6.365,0
6.367,0
6.370,0
6.372,0
6.374,0
6.376,0
6.379,0
6.381,0
6.383,0
6.386,0
6.388,0
6.390,0
6.392,0
6.395,0
6.397,0
6.499,0
6.502,0
6.504,0
6.507,0
6.509,0
6.512,0
6.514,0
6.517,0
6.520,0
6.522,0
6.525,0
6.527,0
6.530,0
6.532,0
6.535,0
6.537,0
6.540,0
6.543,0
6.545,0
6.548,0
6.550,0
6.553,0
6.555,0
6.558,0
6.560,0
6.563,0
6.565,0
6.568,0
6.571,0
6.573,0
6.576,0
6.578,0
6.581,0
6.583,0
6.586,0
6.588,0
6.591,0
6.594,0
6.596,0
6.599,0
6.601,0
6.604,0
6.606,0
6.609,0
6.611,0
6.614,0
6.617,0
6.619,0
6.622,0
6.624,0
6.627,0
6.629,0
6.632,0
6.634,0
6.637,0
6.639,0
6.642,0
6.645,0
6.647,0
6.650,0
6.652,0
6.655,0
6.657,0
6.660,0
6.662,0
6.665,0
6.668,0
6.670,0
6.673,0
6.675,0
6.678,0
6.680,0
6.683,0
6.685,0
6.688,0
6.691,0
6.693,0
6.696,0
6.698,0
6.701,0
6.703,0
6.706,0
6.708,0
6.711,0
6.713,0
6.716,0
6.719,0
6.721,0
6.724,0
6.726,0
6.729,0
6.731,0
6.734,0
6.736,0
6.739,0
6.742,0
6.744,0
6.747,0
6.749,0
6.752,0
6.754,0
6.757,0
6.759,0
6.762,0
6.764,0
6.767,0
6.770,0
6.772,0
6.775,0
6.777,0
6.780,0
6.782,0
6.785,0
6.787,0
6.790,0
6.793,0
6.795,0
6.798,0
6.800,0
6.803,0
6.805,0
6.808,0
6.810,0
6.813,0
6.815,0
6.818,0
6.821,0
6.823,0
6.826,0
6.828,0
6.831,0
6.833,0
6.836,0
6.838,0
6.841,0
6.844,0
6.846,0
6.849,0
6.851,0
6.854,0
6.856,0
6.859,0
6.861,0
6.864,0
6.867,0
6.869,0
6.872,0
6.874,0
6.877,0
6.879,0
6.882,0
6.884,0
6.887,0
6.889,0
6.892,0
6.895,0
6.897,0
6.999,0
7.002,0
7.004,0
7.007,0
7.009,0
7.012,0
7.014,0
7.017,0
7.019,0
7.022,0
7.025,0
7.027,0
7.030,0
7.032,0
7.035,0
7.037,0
7.040,0
7.042,0
7.045,0
7.048,0
7.050,0
7.053,0
7.055,0
7.058,0
7.060,0
7.063,0
7.065,0
7.068,0
7.070,0
7.073,0
7.076,0
7.078,0
7.081,0
7.083,0
7.086,0
7.088,0
7.091,0
7.093,0
7.096,0
7.099,0
7.101,0
7.104,0
7.106,0
7.109,0
7.111,0
7.114,0
7.116,0
7.119,0
7.122,0
7.124,0
7.127,0
7.129,0
7.132,0
7.134,0
7.137,0
7.139,0
7.142,0
7.144,0
7.147,0
7.150,0
7.152,0
7.155,0
7.157,0
7.160,0
7.162,0
7.165,0
7.167,0
7.170,0
7.173,0
7.175,0
7.178,0
7.180,0
7.183,0
7.185,0
7.188,0
7.190,0
7.193,0
7.195,0
7.198,0
7.201,0
7.203,0
7.206,0
7.208,0
7.211,0
7.213,0
7.216,0
7.218,0
7.221,0
7.224,0
7.226,0
7.229,0
7.231,0
7.234,0
7.236,0
7.239,0
7.241,0
7.244,0
7.247,0
7.249,0
7.252,0
7.254,0
7.257,0
7.259,0
7.262,0
7.264,0
7.267,0
7.269,0
7.272,0
7.275,0
7.277,0
7.280,0
7.282,0
7.285,0
7.287,0
7.290,0
7.292,0
7.295,0
7.298,0
7.300,0
7.303,0
7.305,0
7.308,0
7.310,0
7.313,0
7.315,0
7.318,0
7.320,0
7.323,0
7.326,0
7.328,0
7.331,0
7.333,0
7.336,0
7.338,0
7.341,0
7.343,0
7.346,0
7.349,0
7.351,0
7.354,0
7.356,0
7.359,0
7.361,0
7.364,0
7.366,0
7.369,0
7.372,0
7.374,0
7.377,0
7.379,0
7.382,0
7.384,0
7.387,0
7.389,0
7.392,0
7.394,0
7.397,0
7.499,0
7.501,0
7.503,0
7.506,0
7.508,0
7.510,0
7.513,0
7.515,0
7.517,0
7.519,0
7.522,0
7.524,0
7.526,0
7.528,0
7.531,0
7.533,0
7.535,0
7.538,0
7.540,0
7.542,0
7.544,0
7.547,0
7.549,0
7.551,0
7.553,0
7.556,0
7.558,0
7.560,0
7.563,0
7.565,0
7.567,0
7.569,0
7.572,0
7.574,0
7.576,0
7.578,0
7.581,0
7.583,0
7.585,0
7.588,0
7.590,0
7.592,0
7.594,0
7.597,0
7.599,0
7.601,0
7.603,0
7.606,0
7.608,0
7.610,0
7.613,0
7.615,0
7.617,0
7.619,0
7.622,0
7.624,0
7.626,0
7.628,0
7.631,0
7.633,0
7.635,0
7.638,0
7.640,0
7.642,0
7.644,0
7.647,0
7.649,0
7.651,0
7.653,0
7.656,0
7.658,0
7.660,0
7.663,0
7.665,0
7.667,0
7.669,0
7.672,0
7.674,0
7.676,0
7.678,0
7.681,0
7.683,0
7.685,0
7.688,0
7.690,0
7.692,0
7.694,0
7.697,0
7.699,0
7.701,0
7.703,0
7.706,0
7.708,0
7.710,0
7.713,0
7.715,0
7.717,0
7.719,0
7.722,0
7.724,0
7.726,0
7.728,0
7.731,0
7.733,0
7.735,0
7.738,0
7.740,0
7.742,0
7.744,0
7.747,0
7.749,0
7.751,0
7.753,0
7.756,0
7.758,0
7.760,0
7.763,0
7.765,0
7.767,0
7.769,0
7.772,0
7.774,0
7.776,0
7.778,0
7.781,0
7.783,0
7.785,0
7.788,0
7.790,0
7.792,0
7.794,0
7.797,0
7.799,0
7.801,0
7.803,0
7.806,0
7.808,0
7.810,0
7.813,0
7.815,0
7.817,0
7.819,0
7.822,0
7.824,0
7.826,0
7.828,0
7.831,0
7.833,0
7.835,0
7.838,0
7.840,0
7.842,0
7.844,0
7.847,0
7.849,0
7.851,0
7.853,0
7.856,0
7.858,0
7.860,0
7.863,0
7.865,0
7.867,0
7.869,0
7.872,0
7.874,0
7.876,0
7.878,0
7.881,0
7.883,0
7.885,0
7.888,0
7.890,0
7.892,0
7.894,0
7.897,0
7.999,0
8.001,0
8.003,0
8.006,0
8.008,0
8.010,0
8.012,0
8.015,0
8.017,0
8.019,0
8.021,0
8.024,0
8.026,0
8.028,0
8.031,0
8.033,0
8.035,0
8.037,0
8.040,0
8.042,0
8.044,0
8.046,0
8.049,0
8.051,0
8.053,0
8.056,0
8.058,0
8.060,0
8.062,0
8.065,0
8.067,0
8.069,0
8.071,0
8.074,0
8.076,0
8.078,0
8.081,0
8.083,0
8.085,0
8.087,0
8.090,0
8.092,0
8.094,0
8.096,0
8.099,0
8.101,0
8.103,0
8.106,0
8.108,0
8.110,0
8.112,0
8.115,0
8.117,0
8.119,0
8.121,0
8.124,0
8.126,0
8.128,0
8.131,0
8.133,0
8.135,0
8.137,0
8.140,0
8.142,0
8.144,0
8.146,0
8.149,0
8.151,0
8.153,0
8.156,0
8.158,0
8.160,0
8.162,0
8.165,0
8.167,0
8.169,0
8.171,0
8.174,0
8.176,0
8.178,0
8.181,0
8.183,0
8.185,0
8.187,0
8.190,0
8.192,0
8.194,0
8.196,0
8.199,0
8.201,0
8.203,0
8.206,0
8.208,0
8.210,0
8.212,0
8.215,0
8.217,0
8.219,0
8.221,0
8.224,0
8.226,0
8.228,0
8.231,0
8.233,0
8.235,0
8.237,0
8.240,0
8.242,0
8.244,0
8.246,0
8.249,0
8.251,0
8.253,0
8.256,0
8.258,0
8.260,0
8.262,0
8.265,0
8.267,0
8.269,0
8.271,0
8.274,0
8.276,0
8.278,0
8.281,0
8.283,0
8.285,0
8.287,0
8.290,0
8.292,0
8.294,0
8.296,0
8.299,0
8.301,0
8.303,0
8.306,0
8.308,0
8.310,0
8.312,0
8.315,0
8.317,0
8.319,0
8.321,0
8.324,0
8.326,0
8.328,0
8.331,0
8.333,0
8.335,0
8.337,0
8.340,0
8.342,0
8.344,0
8.346,0
8.349,0
8.351,0
8.353,0
8.356,0
8.358,0
8.360,0
8.362,0
8.365,0
8.367,0
8.369,0
8.371,0
8.374,0
8.376,0
8.378,0
8.381,0
8.383,0
8.385,0
8.387,0
8.390,0
8.392,0
8.394,0
8.396,0
8.499,0
8.501,0
8.503,0
8.505,0
8.507,0
8.509,0
8.511,0
8.513,0
8.515,0
8.517,0
8.519,0
8.521,0
8.523,0
8.525,0
8.527,0
8.529,0
8.531,0
8.533,0
8.535,0
8.537,0
8.539,0
8.541,0
8.543,0
8.545,0
8.547,0
8.549,0
8.551,0
8.553,0
8.555,0
8.557,0
8.559,0
8.561,0
8.563,0
8.565,0
8.567,0
8.569,0
8.571,0
8.573,0
8.576,0
8.578,0
8.580,0
8.582,0
8.584,0
8.586,0
8.588,0
8.590,0
8.592,0
8.594,0
8.596,0
8.598,0
8.600,0
8.602,0
8.604,0
8.606,0
8.608,0
8.610,0
8.612,0
8.614,0
8.616,0
8.618,0
8.620,0
8.622,0
8.624,0
8.626,0
8.628,0
8.630,0
8.632,0
8.634,0
8.636,0
8.638,0
8.640,0
8.642,0
8.644,0
8.646,0
8.648,0
8.650,0
8.652,0
8.654,0
8.656,0
8.659,0
8.661,0
8.663,0
8.665,0
8.667,0
8.669,0
8.671,0
8.673,0
8.675,0
8.677,0
8.679,0
8.681,0
8.683,0
8.685,0
8.687,0
8.689,0
8.691,0
8.693,0
8.695,0
8.697,0
8.699,0
8.701,0
8.703,0
8.705,0
8.707,0
8.709,0
8.711,0
8.713,0
8.715,0
8.717,0
8.719,0
8.721,0
8.723,0
8.725,0
8.727,0
8.729,0
8.731,0
8.733,0
8.735,0
8.737,0
8.739,0
8.742,0
8.744,0
8.746,0
8.748,0
8.750,0
8.752,0
8.756,0
8.758,0
8.760,0
8.762,0
8.764,0
8.766,0
8.768,0
8.770,0
8.772,0
8.774,0
8.776,0
8.778,0
8.780,0
8.782,0
8.784,0
8.786,0
8.788,0
8.790,0
8.792,0
8.794,0
8.796,0
8.798,0
8.800,0
8.802,0
8.804,0
8.806,0
8.808,0
8.810,0
8.812,0
8.814,0
8.816,0
8.818,0
8.820,0
8.822,0
8.825,0
8.827,0
8.829,0
8.831,0
8.833,0
8.835,0
8.837,0
8.839,0
8.841,0
8.843,0
8.845,0
8.847,0
8.849,0
8.851,0
8.853,0
8.855,0
8.857,0
8.859,0
8.861,0
8.863,0
8.865,0
8.867,0
8.869,0
8.871,0
8.875,0
8.877,0
8.879,0
8.881,0
8.883,0
8.885,0
8.887,0
8.889,0
8.891,0
8.893,0
8.895,0
8.897,0
8.998,0
9.000,0
9.002,0
9.004,0
9.006,0
9.008,0
9.010,0
9.012,0
9.014,0
9.016,0
9.018,0
9.019,0
9.021,0
9.023,0
9.025,0
9.027,0
9.029,0
9.031,0
9.033,0
9.035,0
9.037,0
9.039,0
9.041,0
9.042,0
9.044,0
9.046,0
9.048,0
9.050,0
9.052,0
9.054,0
9.056,0
9.058,0
9.060,0
9.062,0
9.063,0
9.065,0
9.067,0
9.069,0
9.071,0
9.073,0
9.075,0
9.077,0
9.079,0
9.081,0
9.083,0
9.085,0
9.086,0
9.088,0
9.090,0
9.092,0
9.094,0
9.096,0
9.098,0
9.100,0
9.102,0
9.104,0
9.106,0
9.107,0
9.109,0
9.111,0
9.113,0
9.115,0
9.117,0
9.119,0
9.121,0
9.123,0
9.125,0
9.127,0
9.128,0
9.130,0
9.132,0
9.134,0
9.136,0
9.138,0
9.140,0
9.142,0
9.144,0
9.146,0
9.148,0
9.149,0
9.151,0
9.153,0
9.155,0
9.157,0
9.159,0
9.161,0
9.163,0
9.165,0
9.167,0
9.169,0
9.171,0
9.172,0
9.174,0
9.176,0
9.178,0
9.180,0
9.182,0
9.184,0
9.186,0
9.188,0
9.190,0
9.192,0
9.193,0
9.195,0
9.197,0
9.199,0
9.201,0
9.203,0
9.205,0
9.207,0
9.209,0
9.211,0
9.213,0
9.215,0
9.216,0
9.218,0
9.220,0
9.222,0
9.224,0
9.226,0
9.228,0
9.230,0
9.232,0
9.234,0
9.236,0
9.237,0
9.239,0
9.241,0
9.243,0
9.245,0
9.247,0
9.249,0
9.251,0
9.253,0
9.255,0
9.257,0
9.258,0
9.260,0
9.262,0
9.264,0
9.266,0
9.268,0
9.270,0
9.272,0
9.274,0
9.276,0
9.278,0
9.280,0
9.281,0
9.283,0
9.285,0
9.287,0
9.289,0
9.291,0
9.293,0
9.295,0
9.297,0
9.299,0
9.301,0
9.302,0
9.304,0
9.306,0
9.308,0
9.310,0
9.312,0
9.314,0
9.316,0
9.318,0
9.320,0
9.322,0
9.324,0
9.325,0
9.327,0
9.329,0
9.331,0
9.333,0
9.335,0
9.337,0
9.339,0
9.341,0
9.343,0
9.345,0
9.346,0
9.348,0
9.350,0
9.352,0
9.354,0
9.356,0
9.358,0
9.360,0
9.362,0
9.364,0
9.366,0
9.367,0
9.369,0
9.371,0
9.373,0
9.375,0
9.377,0
9.379,0
9.381,0
9.383,0
9.385,0
9.387,0
9.389,0
9.390,0
9.392,0
9.394,0
9.396,0
9.398,0
9.498,0
9.500,0
9.502,0
9.504,0
9.506,0
9.508,0
9.510,0
9.512,0
9.514,0
9.516,0
9.517,0
9.519,0
9.521,0
9.523,0
9.525,0
9.527,0
9.529,0
9.531,0
9.533,0
9.535,0
9.537,0
9.538,0
9.540,0
9.542,0
9.544,0
9.546,0
9.548,0
9.550,0
9.552,0
9.554,0
9.556,0
9.558,0
9.560,0
9.561,0
9.563,0
9.565,0
9.567,0
9.569,0
9.571,0
9.573,0
9.575,0
9.577,0
9.579,0
9.581,0
9.582,0
9.584,0
9.586,0
9.588,0
9.590,0
9.592,0
9.594,0
9.596,0
9.598,0
9.600,0
9.602,0
9.604,0
9.605,0
9.607,0
9.609,0
9.611,0
9.613,0
9.615,0
9.617,0
9.619,0
9.621,0
9.623,0
9.625,0
9.626,0
9.628,0
9.630,0
9.632,0
9.634,0
9.636,0
9.638,0
9.640,0
9.642,0
9.644,0
9.646,0
9.647,0
9.649,0
9.651,0
9.653,0
9.655,0
9.657,0
9.659,0
9.661,0
9.663,0
9.665,0
9.667,0
9.669,0
9.670,0
9.672,0
9.674,0
9.676,0
9.678,0
9.680,0
9.682,0
9.684,0
9.686,0
9.688,0
9.690,0
9.691,0
9.693,0
9.695,0
9.697,0
9.699,0
9.701,0
9.703,0
9.705,0
9.707,0
9.709,0
9.711,0
9.712,0
9.714,0
9.716,0
9.718,0
9.720,0
9.722,0
9.724,0
9.726,0
9.728,0
9.730,0
9.732,0
9.734,0
9.735,0
9.737,0
9.739,0
9.741,0
9.743,0
9.745,0
9.747,0
9.749,0
9.751,0
9.753,0
9.755,0
9.756,0
9.758,0
9.760,0
9.762,0
9.764,0
9.766,0
9.768,0
9.770,0
9.772,0
9.774,0
9.776,0
9.777,0
9.779,0
9.781,0
9.783,0
9.785,0
9.787,0
9.789,0
9.791,0
9.793,0
9.795,0
9.797,0
9.799,0
9.800,0
9.802,0
9.804,0
9.806,0
9.808,0
9.810,0
9.812,0
9.814,0
9.816,0
9.818,0
9.820,0
9.821,0
9.823,0
9.825,0
9.827,0
9.829,0
9.831,0
9.833,0
9.835,0
9.837,0
9.839,0
9.841,0
9.843,0
9.844,0
9.846,0
9.848,0
9.850,0
9.852,0
9.854,0
9.856,0
9.858,0
9.860,0
9.862,0
9.864,0
9.865,0
9.867,0
9.869,0
9.871,0
9.873,0
9.875,0
9.877,0
9.879,0
9.881,0
9.883,0
9.885,0
9.886,0
9.888,0
9.890,0
9.892,0
9.894,0
9.896,0
9.898,0
9.998,0
10.000,0
10.002,0
10.004,0
10.006,0
10.008,0
10.010,0
10.012,0
10.014,0
10.016,0
10.018,0
10.021,0
10.023,0
10.025,0
10.027,0
10.029,0
10.031,0
10.033,0
10.035,0
10.037,0
10.039,0
10.041,0
10.043,0
10.045,0
10.047,0
10.049,0
10.051,0
10.053,0
10.055,0
10.057,0
10.059,0
10.061,0
10.063,0
10.065,0
10.067,0
10.069,0
10.071,0
10.073,0
10.075,0
10.077,0
10.079,0
10.081,0
10.083,0
10.085,0
10.087,0
10.089,0
10.091,0
10.093,0
10.095,0
10.097,0
10.099,0
10.101,0
10.104,0
10.106,0
10.108,0
10.110,0
10.112,0
10.114,0
10.116,0
10.118,0
10.120,0
10.122,0
10.124,0
10.126,0
10.128,0
10.130,0
10.132,0
10.134,0
10.136,0
10.138,0
10.140,0
10.142,0
10.144,0
10.146,0
10.148,0
10.150,0
10.152,0
10.154,0
10.156,0
10.158,0
10.160,0
10.162,0
10.164,0
10.166,0
10.168,0
10.170,0
10.172,0
10.174,0
10.176,0
10.178,0
10.180,0
10.182,0
10.184,0
10.187,0
10.189,0
10.191,0
10.193,0
10.195,0
10.197,0
10.199,0
10.201,0
10.203,0
10.205,0
10.207,0
10.209,0
10.211,0
10.213,0
10.215,0
10.217,0
10.219,0
10.221,0
10.223,0
10.225,0
10.227,0
10.229,0
10.231,0
10.233,0
10.235,0
10.237,0
10.239,0
10.241,0
10.243,0
10.245,0
10.247,0
10.249,0
10.251,0
10.255,0
10.257,0
10.259,0
10.261,0
10.263,0
10.265,0
10.267,0
10.270,0
10.272,0
10.274,0
10.276,0
10.278,0
10.280,0
10.282,0
10.284,0
10.286,0
10.288,0
10.290,0
10.292,0
10.294,0
10.296,0
10.298,0
10.300,0
10.302,0
10.304,0
10.306,0
10.308,0
10.310,0
10.312,0
10.314,0
10.316,0
10.318,0
10.320,0
10.322,0
10.324,0
10.326,0
10.328,0
10.330,0
10.332,0
10.334,0
10.336,0
10.338,0
10.340,0
10.342,0
10.344,0
10.346,0
10.348,0
10.350,0
10.353,0
10.355,0
10.357,0
10.359,0
10.361,0
10.363,0
10.365,0
10.367,0
10.369,0
10.371,0
10.375,0
10.377,0
10.379,0
10.381,0
10.383,0
10.385,0
10.387,0
10.389,0
10.391,0
10.393,0
10.395,0
10.397,0
10.498,0
10.500,0
10.503,0
10.505,0
10.507,0
10.510,0
10.512,0
10.514,0
10.516,0
10.519,0
10.521,0
10.523,0
10.525,0
10.528,0
10.530,0
10.532,0
10.535,0
10.537,0
10.539,0
10.541,0
10.544,0
10.546,0
10.548,0
10.550,0
10.553,0
10.555,0
10.557,0
10.560,0
10.562,0
10.564,0
10.566,0
10.569,0
10.571,0
10.573,0
10.575,0
10.578,0
10.580,0
10.582,0
10.585,0
10.587,0
10.589,0
10.591,0
10.594,0
10.596,0
10.598,0
10.600,0
10.603,0
10.605,0
10.607,0
10.610,0
10.612,0
10.614,0
10.616,0
10.619,0
10.621,0
10.623,0
10.625,0
10.628,0
10.630,0
10.632,0
10.635,0
10.637,0
10.639,0
10.641,0
10.644,0
10.646,0
10.648,0
10.650,0
10.653,0
10.655,0
10.657,0
10.660,0
10.662,0
10.664,0
10.666,0
10.669,0
10.671,0
10.673,0
10.675,0
10.678,0
10.680,0
10.682,0
10.685,0
10.687,0
10.689,0
10.691,0
10.694,0
10.696,0
10.698,0
10.700,0
10.703,0
10.705,0
10.707,0
10.710,0
10.712,0
10.714,0
10.716,0
10.719,0
10.721,0
10.723,0
10.725,0
10.728,0
10.730,0
10.732,0
10.735,0
10.737,0
10.739,0
10.741,0
10.744,0
10.746,0
10.748,0
10.750,0
10.753,0
10.755,0
10.757,0
10.760,0
10.762,0
10.764,0
10.766,0
10.769,0
10.771,0
10.773,0
10.775,0
10.778,0
10.780,0
10.782,0
10.785,0
10.787,0
10.789,0
10.791,0
10.794,0
10.796,0
10.798,0
10.800,0
10.803,0
10.805,0
10.807,0
10.810,0
10.812,0
10.814,0
10.816,0
10.819,0
10.821,0
10.823,0
10.825,0
10.828,0
10.830,0
10.832,0
10.835,0
10.837,0
10.839,0
10.841,0
10.844,0
10.846,0
10.848,0
10.850,0
10.853,0
10.855,0
10.857,0
10.860,0
10.862,0
10.864,0
10.866,0
10.869,0
10.871,0
10.873,0
10.875,0
10.878,0
10.880,0
10.882,0
10.885,0
10.887,0
10.889,0
10.891,0
10.894,0
10.896,0
10.998,0
11.001,0
11.003,0
11.006,0
11.008,0
11.011,0
11.013,0
11.016,0
11.019,0
11.021,0
11.024,0
11.026,0
11.029,0
11.031,0
11.034,0
11.036,0
11.039,0
11.042,0
11.044,0
11.047,0
11.049,0
11.052,0
11.054,0
11.057,0
11.059,0
11.062,0
11.064,0
11.067,0
11.070,0
11.072,0
11.075,0
11.077,0
11.080,0
11.082,0
11.085,0
11.087,0
11.090,0
11.093,0
11.095,0
11.098,0
11.100,0
11.103,0
11.105,0
11.108,0
11.110,0
11.113,0
11.116,0
11.118,0
11.121,0
11.123,0
11.126,0
11.128,0
11.131,0
11.133,0
11.136,0
11.138,0
11.141,0
11.144,0
11.146,0
11.149,0
11.151,0
11.154,0
11.156,0
11.159,0
11.161,0
11.164,0
11.167,0
11.169,0
11.172,0
11.174,0
11.177,0
11.179,0
11.182,0
11.184,0
11.187,0
11.189,0
11.192,0
11.195,0
11.197,0
11.200,0
11.202,0
11.205,0
11.207,0
11.210,0
11.212,0
11.215,0
11.218,0
11.220,0
11.223,0
11.225,0
11.228,0
11.230,0
11.233,0
11.235,0
11.238,0
11.241,0
11.243,0
11.246,0
11.248,0
11.251,0
11.253,0
11.256,0
11.258,0
11.261,0
11.263,0
11.266,0
11.269,0
11.271,0
11.274,0
11.276,0
11.279,0
11.281,0
11.284,0
11.286,0
11.289,0
11.292,0
11.294,0
11.297,0
11.299,0
11.302,0
11.304,0
11.307,0
11.309,0
11.312,0
11.314,0
11.317,0
11.320,0
11.322,0
11.325,0
11.327,0
11.330,0
11.332,0
11.335,0
11.337,0
11.340,0
11.343,0
11.345,0
11.348,0
11.350,0
11.353,0
11.355,0
11.358,0
11.360,0
11.363,0
11.366,0
11.368,0
11.371,0
11.373,0
11.376,0
11.378,0
11.381,0
11.383,0
11.386,0
11.388,0
11.391,0
11.394,0
11.396,0
11.498,0
11.501,0
11.504,0
11.507,0
11.510,0
11.512,0
11.515,0
11.518,0
11.521,0
11.524,0
11.527,0
11.530,0
11.533,0
11.535,0
11.538,0
11.541,0
11.544,0
11.547,0
11.550,0
11.553,0
11.555,0
11.558,0
11.561,0
11.564,0
11.567,0
11.570,0
11.573,0
11.575,0
11.578,0
11.581,0
11.584,0
11.587,0
11.590,0
11.596,0
11.598,0
11.601,0
11.604,0
11.607,0
11.610,0
11.613,0
11.616,0
11.618,0
11.621,0
11.624,0
11.627,0
11.630,0
11.633,0
11.636,0
11.639,0
11.641,0
11.644,0
11.647,0
11.650,0
11.653,0
11.656,0
11.659,0
11.661,0
11.664,0
11.667,0
11.670,0
11.673,0
11.676,0
11.679,0
11.682,0
11.684,0
11.687,0
11.690,0
11.693,0
11.699,0
11.702,0
11.704,0
11.707,0
11.710,0
11.713,0
11.716,0
11.719,0
11.722,0
11.724,0
11.727,0
11.730,0
11.733,0
11.736,0
11.739,0
11.742,0
11.745,0
11.747,0
11.750,0
11.753,0
11.756,0
11.759,0
11.762,0
11.765,0
11.767,0
11.770,0
11.773,0
11.776,0
11.779,0
11.782,0
11.785,0
11.788,0
11.790,0
11.793,0
11.796,0
11.802,0
11.805,0
11.808,0
11.810,0
11.813,0
11.816,0
11.819,0
11.822,0
11.825,0
11.828,0
11.830,0
11.833,0
11.836,0
11.839,0
11.842,0
11.845,0
11.848,0
11.851,0
11.853,0
11.856,0
11.859,0
11.862,0
11.865,0
11.868,0
11.871,0
11.873,0
11.876,0
11.879,0
11.882,0
11.885,0
11.888,0
11.891,0
11.894,0
11.896,0
11.998,0
12.001,0
12.004,0
12.007,0
12.009,0
12.012,0
12.015,0
12.018,0
12.021,0
12.024,0
12.027,0
12.030,0
12.032,0
12.035,0
12.038,0
12.041,0
12.044,0
12.047,0
12.050,0
12.052,0
12.055,0
12.058,0
12.061,0
12.064,0
12.067,0
12.070,0
12.073,0
12.075,0
12.078,0
12.081,0
12.084,0
12.087,0
12.090,0
12.095,0
12.098,0
12.101,0
12.104,0
12.107,0
12.110,0
12.113,0
12.115,0
12.118,0
12.121,0
12.124,0
12.127,0
12.130,0
12.133,0
12.136,0
12.138,0
12.141,0
12.144,0
12.147,0
12.150,0
12.153,0
12.156,0
12.158,0
12.161,0
12.164,0
12.167,0
12.170,0
12.173,0
12.176,0
12.179,0
12.181,0
12.184,0
12.187,0
12.190,0
12.193,0
12.199,0
12.201,0
12.204,0
12.207,0
12.210,0
12.213,0
12.216,0
12.219,0
12.222,0
12.224,0
12.227,0
12.230,0
12.233,0
12.236,0
12.239,0
12.242,0
12.244,0
12.247,0
12.250,0
12.253,0
12.256,0
12.259,0
12.262,0
12.264,0
12.267,0
12.270,0
12.273,0
12.276,0
12.279,0
12.282,0
12.285,0
12.287,0
12.290,0
12.293,0
12.296,0
12.302,0
12.305,0
12.307,0
12.310,0
12.313,0
12.316,0
12.319,0
12.322,0
12.325,0
12.328,0
12.330,0
12.333,0
12.336,0
12.339,0
12.342,0
12.345,0
12.348,0
12.350,0
12.353,0
12.356,0
12.359,0
12.362,0
12.365,0
12.368,0
12.371,0
12.373,0
12.376,0
12.379,0
12.382,0
12.385,0
12.388,0
12.391,0
12.393,0
12.396,0
12.498,0
12.500,0
12.503,0
12.505,0
12.508,0
12.511,0
12.513,0
12.516,0
12.518,0
12.521,0
12.523,0
12.526,0
12.528,0
12.531,0
12.534,0
12.536,0
12.539,0
12.541,0
12.544,0
12.546,0
12.549,0
12.551,0
12.554,0
12.557,0
12.559,0
12.562,0
12.564,0
12.567,0
12.569,0
12.572,0
12.574,0
12.577,0
12.579,0
12.582,0
12.585,0
12.587,0
12.590,0
12.592,0
12.595,0
12.597,0
12.600,0
12.602,0
12.605,0
12.608,0
12.610,0
12.613,0
12.615,0
12.618,0
12.620,0
12.623,0
12.625,0
12.628,0
12.630,0
12.633,0
12.636,0
12.638,0
12.641,0
12.643,0
12.646,0
12.648,0
12.651,0
12.653,0
12.656,0
12.659,0
12.661,0
12.664,0
12.666,0
12.669,0
12.671,0
12.674,0
12.676,0
12.679,0
12.681,0
12.684,0
12.687,0
12.689,0
12.692,0
12.694,0
12.697,0
12.699,0
12.702,0
12.704,0
12.707,0
12.710,0
12.712,0
12.715,0
12.717,0
12.720,0
12.722,0
12.725,0
12.727,0
12.730,0
12.733,0
12.735,0
12.738,0
12.740,0
12.743,0
12.745,0
12.748,0
12.750,0
12.753,0
12.755,0
12.758,0
12.761,0
12.763,0
12.766,0
12.768,0
12.771,0
12.773,0
12.776,0
12.778,0
12.781,0
12.784,0
12.786,0
12.789,0
12.791,0
12.794,0
12.796,0
12.799,0
12.801,0
12.804,0
12.807,0
12.809,0
12.812,0
12.814,0
12.817,0
12.819,0
12.822,0
12.824,0
12.827,0
12.829,0
12.832,0
12.835,0
12.837,0
12.840,0
12.842,0
12.845,0
12.847,0
12.850,0
12.852,0
12.855,0
12.858,0
12.860,0
12.863,0
12.865,0
12.868,0
12.870,0
12.873,0
12.875,0
12.878,0
12.880,0
12.883,0
12.886,0
12.888,0
12.891,0
12.893,0
12.896,0
12.998,0
13.000,0
13.002,0
13.004,0
13.007,0
13.009,0
13.011,0
13.014,0
13.016,0
13.018,0
13.020,0
13.023,0
13.025,0
13.027,0
13.029,0
13.032,0
13.034,0
13.036,0
13.039,0
13.041,0
13.043,0
13.045,0
13.048,0
13.050,0
13.052,0
13.054,0
13.057,0
13.059,0
13.061,0
13.064,0
13.066,0
13.068,0
13.070,0
13.073,0
13.075,0
13.077,0
13.079,0
13.082,0
13.084,0
13.086,0
13.089,0
13.091,0
13.093,0
13.095,0
13.098,0
13.100,0
13.102,0
13.104,0
13.107,0
13.109,0
13.111,0
13.114,0
13.116,0
13.118,0
13.120,0
13.123,0
13.125,0
13.127,0
13.129,0
13.132,0
13.134,0
13.136,0
13.139,0
13.141,0
13.143,0
13.145,0
13.148,0
13.150,0
13.152,0
13.154,0
13.157,0
13.159,0
13.161,0
13.164,0
13.166,0
13.168,0
13.170,0
13.173,0
13.175,0
13.177,0
13.179,0
13.182,0
13.184,0
13.186,0
13.189,0
13.191,0
13.193,0
13.195,0
13.198,0
13.200,0
13.202,0
13.204,0
13.207,0
13.209,0
13.211,0
13.214,0
13.216,0
13.218,0
13.220,0
13.223,0
13.225,0
13.227,0
13.229,0
13.232,0
13.234,0
13.236,0
13.239,0
13.241,0
13.243,0
13.245,0
13.248,0
13.250,0
13.252,0
13.254,0
13.257,0
13.259,0
13.261,0
13.264,0
13.266,0
13.268,0
13.270,0
13.273,0
13.275,0
13.277,0
13.279,0
13.282,0
13.284,0
13.286,0
13.289,0
13.291,0
13.293,0
13.295,0
13.298,0
13.300,0
13.302,0
13.304,0
13.307,0
13.309,0
13.311,0
13.314,0
13.316,0
13.318,0
13.320,0
13.323,0
13.325,0
13.327,0
13.329,0
13.332,0
13.334,0
13.336,0
13.339,0
13.341,0
13.343,0
13.345,0
13.348,0
13.350,0
13.352,0
13.354,0
13.357,0
13.359,0
13.361,0
13.364,0
13.366,0
13.368,0
13.370,0
13.373,0
13.375,0
13.377,0
13.379,0
13.382,0
13.384,0
13.386,0
13.389,0
13.391,0
13.393,0
13.395,0
13.498,0
13.500,0
13.503,0
13.505,0
13.508,0
13.510,0
13.513,0
13.515,0
13.518,0
13.521,0
13.523,0
13.526,0
13.528,0
13.531,0
13.533,0
13.536,0
13.538,0
13.541,0
13.544,0
13.546,0
13.549,0
13.551,0
13.554,0
13.556,0
13.559,0
13.561,0
13.564,0
13.566,0
13.569,0
13.572,0
13.574,0
13.577,0
13.579,0
13.582,0
13.584,0
13.587,0
13.589,0
13.592,0
13.595,0
13.597,0
13.600,0
13.602,0
13.605,0
13.607,0
13.610,0
13.612,0
13.615,0
13.618,0
13.620,0
13.623,0
13.625,0
13.628,0
13.630,0
13.633,0
13.635,0
13.638,0
13.640,0
13.643,0
13.646,0
13.648,0
13.651,0
13.653,0
13.656,0
13.658,0
13.661,0
13.663,0
13.666,0
13.669,0
13.671,0
13.674,0
13.676,0
13.679,0
13.681,0
13.684,0
13.686,0
13.689,0
13.691,0
13.694,0
13.697,0
13.699,0
13.702,0
13.704,0
13.707,0
13.709,0
13.712,0
13.714,0
13.717,0
13.720,0
13.722,0
13.725,0
13.727,0
13.730,0
13.732,0
13.735,0
13.737,0
13.740,0
13.742,0
13.745,0
13.748,0
13.750,0
13.753,0
13.755,0
13.758,0
13.760,0
13.763,0
13.765,0
13.768,0
13.771,0
13.773,0
13.776,0
13.778,0
13.781,0
13.783,0
13.786,0
13.788,0
13.791,0
13.794,0
13.796,0
13.799,0
13.801,0
13.804,0
13.806,0
13.809,0
13.811,0
13.814,0
13.816,0
13.819,0
13.822,0
13.824,0
13.827,0
13.829,0
13.832,0
13.834,0
13.837,0
13.839,0
13.842,0
13.845,0
13.847,0
13.850,0
13.852,0
13.855,0
13.857,0
13.860,0
13.862,0
13.865,0
13.868,0
13.870,0
13.873,0
13.875,0
13.878,0
13.880,0
13.883,0
13.885,0
13.888,0
13.890,0
13.893,0
13.896,0
13.998,0
14.000,0
14.003,0
14.006,0
14.009,0
14.012,0
14.015,0
14.018,0
14.020,0
14.023,0
14.026,0
14.029,0
14.032,0
14.035,0
14.038,0
14.041,0
14.043,0
14.046,0
14.049,0
14.052,0
14.055,0
14.058,0
14.061,0
14.063,0
14.066,0
14.069,0
14.072,0
14.075,0
14.078,0
14.081,0
14.084,0
14.086,0
14.089,0
14.095,0
14.098,0
14.101,0
14.104,0
14.106,0
14.109,0
14.112,0
14.115,0
14.118,0
14.121,0
14.124,0
14.127,0
14.129,0
14.132,0
14.135,0
14.138,0
14.141,0
14.144,0
14.147,0
14.149,0
14.152,0
14.155,0
14.158,0
14.161,0
14.164,0
14.167,0
14.169,0
14.172,0
14.175,0
14.178,0
14.181,0
14.184,0
14.187,0
14.190,0
14.192,0
14.198,0
14.201,0
14.204,0
14.207,0
14.210,0
14.212,0
14.215,0
14.218,0
14.221,0
14.224,0
14.227,0
14.230,0
14.233,0
14.235,0
14.238,0
14.241,0
14.244,0
14.247,0
14.250,0
14.253,0
14.255,0
14.258,0
14.261,0
14.264,0
14.267,0
14.270,0
14.273,0
14.276,0
14.278,0
14.281,0
14.284,0
14.287,0
14.290,0
14.293,0
14.296,0
14.301,0
14.304,0
14.307,0
14.310,0
14.313,0
14.316,0
14.318,0
14.321,0
14.324,0
14.327,0
14.330,0
14.333,0
14.336,0
14.339,0
14.341,0
14.344,0
14.347,0
14.350,0
14.353,0
14.356,0
14.359,0
14.361,0
14.364,0
14.367,0
14.370,0
14.373,0
14.376,0
14.379,0
14.382,0
14.384,0
14.387,0
14.390,0
14.393,0
14.396,0
14.497,0
14.500,0
14.503,0
14.506,0
14.509,0
14.512,0
14.515,0
14.518,0
14.520,0
14.523,0
14.526,0
14.529,0
14.532,0
14.535,0
14.538,0
14.540,0
14.543,0
14.546,0
14.549,0
14.552,0
14.555,0
14.558,0
14.560,0
14.563,0
14.566,0
14.569,0
14.572,0
14.575,0
14.578,0
14.581,0
14.583,0
14.586,0
14.589,0
14.595,0
14.598,0
14.601,0
14.603,0
14.606,0
14.609,0
14.612,0
14.615,0
14.618,0
14.621,0
14.624,0
14.626,0
14.629,0
14.632,0
14.635,0
14.638,0
14.641,0
14.644,0
14.646,0
14.649,0
14.652,0
14.655,0
14.658,0
14.661,0
14.664,0
14.667,0
14.669,0
14.672,0
14.675,0
14.678,0
14.681,0
14.684,0
14.687,0
14.689,0
14.692,0
14.698,0
14.701,0
14.704,0
14.707,0
14.709,0
14.712,0
14.715,0
14.718,0
14.721,0
14.724,0
14.727,0
14.730,0
14.732,0
14.735,0
14.738,0
14.741,0
14.744,0
14.747,0
14.750,0
14.752,0
14.755,0
14.758,0
14.761,0
14.764,0
14.767,0
14.770,0
14.773,0
14.775,0
14.778,0
14.781,0
14.784,0
14.787,0
14.790,0
14.793,0
14.795,0
14.801,0
14.804,0
14.807,0
14.810,0
14.813,0
14.816,0
14.818,0
14.821,0
14.824,0
14.827,0
14.830,0
14.833,0
14.836,0
14.838,0
14.841,0
14.844,0
14.847,0
14.850,0
14.853,0
14.856,0
14.858,0
14.861,0
14.864,0
14.867,0
14.870,0
14.873,0
14.876,0
14.879,0
14.881,0
14.884,0
14.887,0
14.890,0
14.893,0
14.896,0